SEQ_seahorse=0.729174
SEQ_vortex=2.009702
T1_seahorse=0.730802
T1_vortex=1.960044
T2_seahorse=0.370462
T2_vortex=1.024988
T4_seahorse=0.194343
T4_vortex=0.531995
T8_seahorse=0.129155
T8_vortex=0.319007
